2 0.3776041666666667 0.26944444444444443 0.1328125 0.09444444444444444
2 0.5088541666666667 0.4546296296296296 0.28020833333333334 0.09537037037037037
2 0.5171875 0.5916666666666667 0.22447916666666667 0.08611111111111111
2 0.5338541666666666 0.6814814814814815 0.203125 0.040740740740740744
2 0.5390625 0.762962962962963 0.19895833333333332 0.03333333333333333
1 0.6703125 0.775 0.0375 0.03611111111111111
1 0.33177083333333335 0.8555555555555555 0.0234375 0.044444444444444446
1 0.353125 0.8740740740740741 0.0203125 0.0824074074074074
1 0.271875 0.6537037037037037 0.049479166666666664 0.03518518518518519
1 0.27447916666666666 0.2824074074074074 0.042708333333333334 0.03518518518518519
