2 0.621875 0.7305555555555555 0.1328125 0.09444444444444444
2 0.49114583333333334 0.5444444444444444 0.28020833333333334 0.09537037037037037
2 0.4822916666666667 0.4074074074074074 0.22447916666666667 0.08611111111111111
2 0.4661458333333333 0.31851851851851853 0.203125 0.040740740740740744
2 0.4609375 0.23703703703703705 0.19895833333333332 0.03333333333333333
1 0.3296875 0.22407407407407406 0.0375 0.03611111111111111
1 0.6677083333333333 0.14444444444444443 0.0234375 0.044444444444444446
1 0.6463541666666667 0.125 0.0203125 0.0824074074074074
1 0.7276041666666667 0.34629629629629627 0.049479166666666664 0.03518518518518519
1 0.7255208333333333 0.7175925925925926 0.042708333333333334 0.03518518518518519
