2 0.621875 0.26944444444444443 0.1328125 0.09444444444444444
2 0.49114583333333334 0.4546296296296296 0.28020833333333334 0.09537037037037037
2 0.4822916666666667 0.5916666666666667 0.22447916666666667 0.08611111111111111
2 0.4661458333333333 0.6814814814814815 0.203125 0.040740740740740744
2 0.4609375 0.762962962962963 0.19895833333333332 0.03333333333333333
1 0.3296875 0.775 0.0375 0.03611111111111111
1 0.6677083333333333 0.8555555555555555 0.0234375 0.044444444444444446
1 0.6463541666666667 0.8740740740740741 0.0203125 0.0824074074074074
1 0.7276041666666667 0.6537037037037037 0.049479166666666664 0.03518518518518519
1 0.7255208333333333 0.2824074074074074 0.042708333333333334 0.03518518518518519
