2 0.3776041666666667 0.7296296296296296 0.13229166666666667 0.09351851851851851
2 0.5083333333333333 0.5444444444444444 0.2796875 0.09444444444444444
2 0.5171875 0.4074074074074074 0.22395833333333334 0.08518518518518518
2 0.5333333333333333 0.3175925925925926 0.20260416666666667 0.03981481481481482
2 0.5385416666666667 0.2361111111111111 0.1984375 0.032407407407407406
1 0.6697916666666667 0.22407407407407406 0.03697916666666667 0.03518518518518519
1 0.33177083333333335 0.14351851851851852 0.022916666666666665 0.04351851851851852
1 0.353125 0.125 0.019791666666666666 0.08148148148148149
1 0.271875 0.3453703703703704 0.04895833333333333 0.03425925925925926
1 0.27395833333333336 0.7166666666666667 0.0421875 0.03425925925925926
