2 0.27037037037037037 0.3776041666666667 0.09444444444444444 0.1328125
2 0.45555555555555555 0.5088541666666667 0.09537037037037037 0.28020833333333334
2 0.5925925925925926 0.5171875 0.08611111111111111 0.22447916666666667
2 0.6824074074074075 0.5338541666666666 0.040740740740740744 0.203125
2 0.7638888888888888 0.5390625 0.03333333333333333 0.19895833333333332
1 0.7759259259259259 0.6703125 0.03611111111111111 0.0375
1 0.8564814814814815 0.33177083333333335 0.044444444444444446 0.0234375
1 0.875 0.353125 0.0824074074074074 0.0203125
1 0.6546296296296297 0.271875 0.03518518518518519 0.049479166666666664
1 0.2833333333333333 0.27447916666666666 0.03518518518518519 0.042708333333333334
