2 0.6223958333333334 0.27037037037037037 0.1328125 0.09444444444444444
2 0.49166666666666664 0.45555555555555555 0.28020833333333334 0.09537037037037037
2 0.4828125 0.5925925925925926 0.22447916666666667 0.08611111111111111
2 0.4666666666666667 0.6824074074074075 0.203125 0.040740740740740744
2 0.46145833333333336 0.7638888888888888 0.19895833333333332 0.03333333333333333
1 0.3302083333333333 0.7759259259259259 0.0375 0.03611111111111111
1 0.6682291666666667 0.8564814814814815 0.0234375 0.044444444444444446
1 0.646875 0.875 0.0203125 0.0824074074074074
1 0.728125 0.6546296296296297 0.049479166666666664 0.03518518518518519
1 0.7260416666666667 0.2833333333333333 0.042708333333333334 0.03518518518518519
