2 0.7305555555555555 0.6223958333333334 0.09444444444444444 0.1328125
2 0.5444444444444444 0.49166666666666664 0.09537037037037037 0.28020833333333334
2 0.4074074074074074 0.4828125 0.08611111111111111 0.22447916666666667
2 0.31851851851851853 0.4666666666666667 0.040740740740740744 0.203125
2 0.23703703703703705 0.46145833333333336 0.03333333333333333 0.19895833333333332
1 0.22407407407407406 0.3302083333333333 0.03611111111111111 0.0375
1 0.14444444444444443 0.6682291666666667 0.044444444444444446 0.0234375
1 0.125 0.646875 0.0824074074074074 0.0203125
1 0.34629629629629627 0.728125 0.03518518518518519 0.049479166666666664
1 0.7175925925925926 0.7260416666666667 0.03518518518518519 0.042708333333333334
