2 0.615625 0.256944 0.015625 0.030556
2 0.498437 0.257407 0.016667 0.029630
2 0.539583 0.299537 0.015625 0.030556
2 0.513802 0.323611 0.015104 0.026852
2 0.508594 0.412037 0.018229 0.035185
2 0.565365 0.418519 0.013021 0.031481
2 0.577344 0.421759 0.013021 0.028704
2 0.629167 0.528241 0.019792 0.026852
2 0.572396 0.556019 0.015625 0.025000
2 0.501042 0.579630 0.016667 0.029630
2 0.425000 0.660648 0.020833 0.025000
2 0.447917 0.750463 0.017708 0.028704
2 0.391927 0.837963 0.015104 0.025926
2 0.310417 0.729630 0.015625 0.029630
2 0.233854 0.529630 0.013542 0.024074
2 0.282552 0.510648 0.017188 0.026852
2 0.277604 0.426852 0.016667 0.029630
2 0.385156 0.322685 0.013021 0.030556
2 0.375781 0.495833 0.013021 0.028704
0 0.384896 0.120833 0.018750 0.026852
0 0.304167 0.282870 0.020833 0.030556
0 0.472135 0.319444 0.016146 0.027778
0 0.611719 0.359259 0.019271 0.035185
0 0.538281 0.545370 0.023438 0.027778
0 0.517188 0.551389 0.019792 0.028704
0 0.469531 0.623148 0.020313 0.029630
0 0.440104 0.487500 0.017708 0.036111
0 0.403125 0.470370 0.018750 0.025926
0 0.395573 0.484722 0.018229 0.032407
0 0.208594 0.677778 0.019271 0.024074
1 0.375521 0.550463 0.043750 0.078704
1 0.277344 0.881944 0.047396 0.076852
1 0.431250 0.381944 0.046875 0.078704
1 0.420573 0.184259 0.046354 0.083333
1 0.322917 0.326852 0.043750 0.070370
1 0.309635 0.388889 0.043229 0.066667
1 0.317188 0.528241 0.046875 0.086111
