1 0.344531 0.581944 0.044271 0.076852
1 0.411979 0.608796 0.046875 0.076852
1 0.380469 0.730556 0.048438 0.083333
0 0.594271 0.812037 0.017708 0.037037
0 0.701823 0.772222 0.014063 0.033333
0 0.694010 0.635648 0.015104 0.026852
0 0.700521 0.670833 0.017708 0.028704
0 0.675000 0.700000 0.020833 0.027778
0 0.688021 0.724074 0.015625 0.027778
0 0.724740 0.708333 0.018229 0.025926
0 0.722396 0.726389 0.014583 0.023148
0 0.645052 0.597222 0.016146 0.027778
0 0.645052 0.623148 0.015104 0.025926
2 0.553385 0.175463 0.016146 0.028704
2 0.582552 0.222685 0.018229 0.028704
2 0.579948 0.286574 0.013021 0.026852
2 0.570833 0.291204 0.013542 0.023148
2 0.567708 0.177778 0.012500 0.027778
2 0.559896 0.214352 0.012500 0.028704
2 0.500781 0.218056 0.015104 0.021296
2 0.534115 0.239815 0.014063 0.031481
2 0.547135 0.272222 0.018229 0.018519
2 0.577083 0.318056 0.021875 0.021296
2 0.566406 0.356481 0.016146 0.027778
2 0.516146 0.268519 0.012500 0.029630
2 0.510156 0.312037 0.014063 0.027778
2 0.522917 0.337037 0.017708 0.022222
