2 0.293750 0.229630 0.015625 0.031481
2 0.441667 0.183796 0.019792 0.023148
2 0.457813 0.248148 0.018750 0.025926
2 0.576823 0.427778 0.019271 0.031481
2 0.557552 0.435185 0.017188 0.025926
2 0.588021 0.474074 0.017708 0.018519
2 0.596875 0.497685 0.012500 0.023148
2 0.583594 0.538889 0.014063 0.027778
2 0.613802 0.529630 0.016146 0.024074
2 0.651302 0.525000 0.011979 0.027778
2 0.674219 0.611574 0.018229 0.026852
2 0.420573 0.418519 0.016146 0.027778
2 0.244531 0.476852 0.019271 0.027778
2 0.200000 0.560648 0.020833 0.026852
2 0.174740 0.524074 0.017188 0.027778
2 0.386198 0.502778 0.020313 0.029630
2 0.337240 0.561111 0.016146 0.025926
2 0.308073 0.675000 0.020313 0.027778
2 0.188021 0.852778 0.020833 0.029630
2 0.433854 0.922685 0.020833 0.023148
2 0.349740 0.684259 0.020313 0.031481
2 0.356250 0.711574 0.023958 0.032407
2 0.402604 0.620833 0.019792 0.034259
2 0.421354 0.620833 0.015625 0.036111
2 0.458854 0.576389 0.015625 0.030556
2 0.495573 0.556019 0.021354 0.021296
2 0.465885 0.627315 0.019271 0.025000
2 0.488542 0.724537 0.015625 0.021296
2 0.516406 0.669444 0.013021 0.029630
2 0.510677 0.614352 0.017188 0.025000
2 0.510417 0.632407 0.018750 0.016667
0 0.438542 0.261574 0.016667 0.025000
0 0.186198 0.171759 0.015104 0.028704
0 0.315365 0.336111 0.013021 0.024074
0 0.324219 0.367130 0.024479 0.028704
0 0.364844 0.490278 0.018229 0.023148
0 0.372917 0.519907 0.017708 0.028704
0 0.379688 0.587037 0.020833 0.027778
0 0.385417 0.670370 0.025000 0.027778
0 0.500000 0.441204 0.018750 0.036111
0 0.511979 0.451389 0.019792 0.032407
0 0.546615 0.635648 0.019271 0.028704
0 0.518229 0.603704 0.018750 0.033333
0 0.668490 0.591667 0.020313 0.027778
0 0.436198 0.724074 0.020313 0.027778
0 0.445312 0.754630 0.018750 0.035185
0 0.526823 0.699074 0.018229 0.029630
0 0.506510 0.662037 0.011979 0.027778
0 0.233854 0.874074 0.018750 0.024074
1 0.292969 0.903241 0.048438 0.080556
1 0.282292 0.684722 0.042708 0.078704
1 0.301563 0.417593 0.050000 0.085185
1 0.376563 0.347222 0.045833 0.075926
1 0.456250 0.372222 0.046875 0.079630
1 0.597656 0.348611 0.040104 0.073148
1 0.820833 0.524537 0.052083 0.082407
1 0.615365 0.471759 0.044271 0.078704
1 0.530729 0.520833 0.050000 0.078704
1 0.590365 0.648148 0.047396 0.072222
