2 0.408854 0.231481 0.012500 0.029630
2 0.511719 0.206019 0.017188 0.021296
2 0.603125 0.257870 0.015625 0.023148
2 0.769271 0.271759 0.019792 0.025000
2 0.733594 0.014352 0.016146 0.025000
2 0.538542 0.326389 0.017708 0.021296
2 0.485938 0.291204 0.014583 0.026852
2 0.502344 0.305556 0.017188 0.025926
2 0.541927 0.393056 0.017188 0.023148
2 0.549740 0.497222 0.013021 0.027778
2 0.526823 0.496759 0.013021 0.026852
2 0.526302 0.515741 0.014063 0.024074
2 0.497917 0.445370 0.012500 0.025926
2 0.489063 0.455556 0.018750 0.022222
2 0.345052 0.306019 0.015104 0.026852
2 0.312240 0.461574 0.022396 0.021296
2 0.397135 0.518056 0.015104 0.028704
2 0.434375 0.594444 0.015625 0.027778
2 0.452604 0.613426 0.018750 0.015741
2 0.532813 0.717130 0.015625 0.032407
2 0.613802 0.450463 0.016146 0.028704
2 0.430208 0.371759 0.015625 0.026852
2 0.387500 0.378704 0.012500 0.022222
0 0.457031 0.116204 0.016146 0.026852
0 0.459896 0.217593 0.016667 0.027778
0 0.237240 0.236574 0.019271 0.028704
0 0.391406 0.291667 0.016146 0.029630
0 0.470833 0.278704 0.015625 0.029630
0 0.506250 0.236111 0.016667 0.027778
0 0.515885 0.407407 0.013021 0.025926
0 0.522917 0.445370 0.015625 0.025926
0 0.504167 0.422222 0.016667 0.029630
0 0.439063 0.528241 0.016667 0.028704
0 0.367188 0.605556 0.017708 0.027778
0 0.570312 0.614352 0.018750 0.023148
0 0.450521 0.629630 0.014583 0.020370
0 0.441146 0.471759 0.014583 0.023148
1 0.446875 0.286574 0.040625 0.075000
1 0.404427 0.341204 0.039062 0.069444
1 0.392708 0.443981 0.048958 0.078704
1 0.367969 0.506481 0.042188 0.070370
1 0.399219 0.606944 0.047396 0.075000
1 0.422656 0.708333 0.046354 0.075926
1 0.479167 0.514352 0.048958 0.082407
1 0.546875 0.549074 0.048958 0.079630
