1 0.511979 0.306944 0.045833 0.082407
1 0.529687 0.518519 0.040625 0.072222
1 0.638542 0.680556 0.044792 0.075926
1 0.307031 0.462500 0.048438 0.082407
1 0.428906 0.498611 0.046354 0.078704
1 0.494010 0.667130 0.047396 0.082407
1 0.167708 0.779630 0.051042 0.088889
1 0.402604 0.725000 0.045833 0.075926
1 0.517969 0.798148 0.044271 0.077778
1 0.501042 0.880093 0.046875 0.080556
1 0.606771 0.979630 0.043750 0.040741
0 0.218490 0.751389 0.018229 0.032407
0 0.411979 0.643519 0.015625 0.027778
0 0.370833 0.782870 0.019792 0.026852
0 0.560937 0.770833 0.015625 0.025000
0 0.498437 0.595370 0.011458 0.031481
0 0.620573 0.544907 0.016146 0.030556
0 0.636458 0.612963 0.014583 0.027778
0 0.712240 0.420833 0.015104 0.032407
0 0.704167 0.301852 0.014583 0.027778
0 0.329167 0.035185 0.015625 0.029630
0 0.405729 0.172222 0.022917 0.027778
0 0.393750 0.301389 0.018750 0.034259
0 0.300260 0.361111 0.018229 0.020370
0 0.321354 0.384259 0.016667 0.025926
0 0.317188 0.411574 0.017708 0.026852
0 0.548958 0.362037 0.013542 0.025926
0 0.620052 0.466667 0.017188 0.022222
0 0.636458 0.478241 0.019792 0.026852
2 0.344531 0.449074 0.021354 0.020370
2 0.377604 0.374537 0.022917 0.026852
2 0.345313 0.627778 0.011458 0.029630
2 0.368750 0.603241 0.016667 0.028704
2 0.393229 0.613889 0.013542 0.025926
2 0.457813 0.748148 0.017708 0.029630
2 0.526823 0.732407 0.015104 0.025926
2 0.523177 0.702315 0.017188 0.023148
2 0.565104 0.740278 0.016667 0.023148
2 0.584375 0.750926 0.020833 0.029630
2 0.575000 0.796296 0.020833 0.020370
2 0.595833 0.648148 0.015625 0.020370
2 0.669792 0.623148 0.013542 0.029630
2 0.758854 0.613889 0.014583 0.031481
2 0.582292 0.095370 0.011458 0.031481
2 0.625781 0.214352 0.016146 0.026852
2 0.761719 0.274074 0.017188 0.029630
2 0.615885 0.322222 0.019271 0.020370
2 0.675000 0.423148 0.017708 0.022222
2 0.497396 0.356944 0.014583 0.028704
2 0.511719 0.379167 0.020313 0.026852
2 0.582812 0.380093 0.018750 0.043519
2 0.506250 0.454167 0.015625 0.030556
2 0.559635 0.481019 0.011979 0.028704
2 0.573438 0.487037 0.015625 0.020370
2 0.574219 0.507870 0.015104 0.025000
2 0.554688 0.575463 0.021875 0.019444
2 0.486979 0.489352 0.013542 0.023148
0 0.454948 0.477315 0.015104 0.025000
