1 0.339583 0.311574 0.046875 0.078704
1 0.448437 0.362037 0.050000 0.081481
1 0.615625 0.425000 0.037500 0.070370
1 0.766146 0.978704 0.046875 0.042593
1 0.500781 0.581944 0.046354 0.071296
1 0.430469 0.518519 0.049479 0.074074
1 0.337240 0.457870 0.047396 0.087963
1 0.339844 0.544444 0.047396 0.085185
1 0.399479 0.654630 0.045833 0.077778
1 0.405729 0.825000 0.046875 0.085185
1 0.218229 0.605556 0.052083 0.088889
2 0.209896 0.401389 0.016667 0.032407
2 0.268750 0.729630 0.015625 0.031481
2 0.292708 0.676389 0.021875 0.034259
2 0.490625 0.796759 0.016667 0.036111
2 0.434115 0.718519 0.018229 0.029630
2 0.435417 0.683333 0.017708 0.025926
2 0.456250 0.639352 0.013542 0.030556
2 0.477604 0.359722 0.015625 0.025000
2 0.505729 0.396759 0.015625 0.030556
2 0.543490 0.383333 0.016146 0.027778
2 0.495833 0.445370 0.016667 0.035185
2 0.464323 0.415278 0.016146 0.021296
2 0.466146 0.467130 0.018750 0.023148
2 0.480990 0.434259 0.018229 0.024074
2 0.492188 0.499537 0.016667 0.026852
2 0.545833 0.515278 0.015625 0.032407
2 0.571354 0.509722 0.014583 0.030556
2 0.594792 0.470370 0.014583 0.029630
2 0.550521 0.556019 0.020833 0.025000
2 0.468750 0.562500 0.017708 0.030556
2 0.463802 0.537037 0.014063 0.025926
2 0.472917 0.633796 0.016667 0.026852
2 0.473958 0.718981 0.016667 0.026852
2 0.506250 0.675463 0.021875 0.028704
2 0.542448 0.660648 0.020313 0.025000
2 0.593750 0.652315 0.019792 0.026852
2 0.604167 0.705093 0.022917 0.026852
2 0.695052 0.669907 0.018229 0.025000
2 0.665365 0.662037 0.016146 0.025926
2 0.533854 0.733333 0.014583 0.031481
2 0.502604 0.704630 0.012500 0.025926
2 0.512500 0.706481 0.013542 0.024074
0 0.439323 0.930556 0.018229 0.037037
0 0.704688 0.837037 0.019792 0.027778
0 0.672135 0.552315 0.014063 0.026852
0 0.676562 0.650926 0.015625 0.031481
0 0.724740 0.301852 0.018229 0.029630
0 0.623437 0.549537 0.015625 0.025000
0 0.602083 0.598148 0.026042 0.037037
0 0.554167 0.604167 0.020833 0.023148
0 0.554948 0.579630 0.018229 0.025926
0 0.560677 0.476389 0.021354 0.023148
0 0.528646 0.490278 0.018750 0.028704
0 0.530469 0.583333 0.016146 0.027778
0 0.479427 0.804630 0.017188 0.024074
0 0.552083 0.776389 0.018750 0.032407
0 0.378906 0.398148 0.017188 0.029630
0 0.260677 0.392130 0.019271 0.025000
0 0.361979 0.523148 0.016667 0.025926
0 0.378646 0.481019 0.016667 0.026852
0 0.459896 0.579630 0.016667 0.029630
0 0.309896 0.824537 0.019792 0.030556
