0 0.211979 0.342593 0.015625 0.035185
0 0.304948 0.250000 0.018229 0.025926
0 0.570573 0.219444 0.018229 0.022222
0 0.574479 0.289352 0.016667 0.023148
0 0.561198 0.394907 0.021354 0.023148
0 0.557813 0.508796 0.015625 0.028704
0 0.631771 0.531944 0.016667 0.026852
0 0.304688 0.446759 0.018750 0.023148
0 0.331510 0.607407 0.020313 0.027778
0 0.397917 0.781481 0.013542 0.027778
0 0.452083 0.691667 0.016667 0.033333
0 0.502604 0.611111 0.016667 0.025926
0 0.483073 0.515741 0.014063 0.024074
0 0.556250 0.884259 0.014583 0.029630
0 0.628646 0.679630 0.015625 0.027778
0 0.189323 0.735648 0.021354 0.028704
0 0.253646 0.750463 0.015625 0.030556
0 0.529948 0.593056 0.014063 0.025000
2 0.294792 0.326389 0.017708 0.025000
2 0.344531 0.367130 0.015104 0.028704
2 0.409115 0.361574 0.017188 0.026852
2 0.325521 0.243056 0.014583 0.021296
2 0.271354 0.443519 0.018750 0.022222
2 0.351302 0.427315 0.017188 0.028704
2 0.367188 0.542593 0.013542 0.029630
2 0.183594 0.487037 0.017188 0.025926
2 0.210938 0.624074 0.013542 0.031481
2 0.338802 0.868981 0.013021 0.032407
2 0.456771 0.729167 0.014583 0.025000
2 0.480208 0.730556 0.016667 0.027778
2 0.486719 0.771759 0.018229 0.023148
2 0.508073 0.779630 0.018229 0.027778
2 0.507031 0.657870 0.016146 0.025000
2 0.633073 0.587963 0.017188 0.027778
2 0.652344 0.474537 0.015104 0.030556
2 0.619792 0.177315 0.019792 0.032407
2 0.633333 0.261574 0.018750 0.023148
2 0.597135 0.306019 0.013021 0.026852
2 0.514062 0.326852 0.014583 0.025926
2 0.597396 0.347685 0.019792 0.025000
2 0.555208 0.373148 0.018750 0.022222
2 0.593229 0.482870 0.013542 0.028704
2 0.564323 0.477315 0.015104 0.030556
2 0.495833 0.479167 0.019792 0.025000
2 0.568490 0.538426 0.013021 0.026852
2 0.579427 0.538889 0.019271 0.024074
2 0.582031 0.569907 0.020313 0.028704
2 0.636719 0.668519 0.017188 0.031481
0 0.667708 0.673611 0.014583 0.032407
1 0.665885 0.268056 0.042188 0.084259
1 0.440625 0.407870 0.048958 0.082407
1 0.654427 0.400463 0.049479 0.078704
1 0.432812 0.572222 0.044792 0.070370
1 0.396094 0.687500 0.045312 0.071296
1 0.450521 0.905093 0.051042 0.086111
1 0.463802 0.983796 0.045312 0.032407
1 0.570833 0.618056 0.041667 0.076852
1 0.505208 0.527778 0.038542 0.064815
1 0.541667 0.553704 0.042708 0.072222
