1 0.401042 0.408333 0.047917 0.081481
1 0.450781 0.529630 0.045312 0.077778
1 0.287240 0.490278 0.049479 0.087963
1 0.328385 0.612037 0.049479 0.081481
1 0.387760 0.787037 0.053646 0.083333
1 0.241927 0.577778 0.050521 0.083333
1 0.165625 0.853241 0.046875 0.082407
1 0.260156 0.970370 0.048438 0.059259
2 0.184635 0.487500 0.018229 0.019444
2 0.585156 0.241667 0.018229 0.025926
2 0.606771 0.311574 0.012500 0.028704
2 0.558333 0.329630 0.014583 0.029630
2 0.571875 0.386111 0.019792 0.031481
2 0.607812 0.436574 0.019792 0.023148
2 0.596354 0.460648 0.016667 0.030556
2 0.580469 0.496296 0.017188 0.029630
2 0.509115 0.574537 0.015104 0.030556
2 0.458333 0.576389 0.014583 0.025000
2 0.487760 0.478241 0.018229 0.023148
2 0.651042 0.568981 0.016667 0.028704
2 0.695052 0.615741 0.018229 0.029630
2 0.652604 0.674074 0.016667 0.024074
2 0.639323 0.752778 0.020313 0.020370
2 0.543490 0.683796 0.018229 0.025000
2 0.587240 0.945833 0.014063 0.028704
0 0.654427 0.831481 0.018229 0.035185
0 0.706510 0.230093 0.016146 0.030556
0 0.547917 0.248148 0.016667 0.024074
0 0.492969 0.325926 0.018229 0.027778
0 0.159375 0.480556 0.023958 0.024074
0 0.595052 0.581481 0.020313 0.029630
0 0.635156 0.615278 0.022396 0.028704
0 0.635938 0.638426 0.015625 0.019444
0 0.518750 0.658796 0.017708 0.028704
0 0.553906 0.671296 0.018229 0.025926
0 0.577083 0.695370 0.016667 0.025926
0 0.592448 0.722222 0.016146 0.029630
0 0.614583 0.755556 0.016667 0.027778
0 0.569010 0.764815 0.016146 0.025926
0 0.576042 0.796759 0.018750 0.019444
