0 0.433073 0.150000 0.015104 0.027778
0 0.567187 0.126852 0.017708 0.027778
0 0.687500 0.344907 0.016667 0.023148
0 0.678906 0.427315 0.018229 0.026852
0 0.657552 0.505093 0.016146 0.030556
0 0.609375 0.603241 0.013542 0.026852
0 0.528385 0.608333 0.013021 0.022222
0 0.525000 0.628241 0.016667 0.021296
0 0.557552 0.443056 0.014063 0.025000
0 0.501563 0.395370 0.014583 0.022222
0 0.532031 0.426852 0.015104 0.025926
0 0.451562 0.323611 0.016667 0.028704
0 0.444271 0.350463 0.015625 0.025000
0 0.365104 0.408796 0.017708 0.028704
0 0.425521 0.558796 0.015625 0.021296
0 0.497396 0.496759 0.013542 0.023148
0 0.498958 0.625926 0.015625 0.020370
0 0.571094 0.669444 0.016146 0.029630
0 0.488542 0.663889 0.014583 0.027778
1 0.264583 0.319907 0.047917 0.082407
1 0.385417 0.311111 0.050000 0.085185
1 0.437240 0.246296 0.045312 0.083333
1 0.505208 0.285648 0.050000 0.086111
1 0.542969 0.357870 0.038021 0.069444
1 0.551302 0.527778 0.044271 0.081481
1 0.423438 0.399537 0.041667 0.075000
1 0.455729 0.454167 0.047917 0.076852
1 0.400260 0.477315 0.042188 0.073148
1 0.301563 0.467593 0.048958 0.083333
1 0.283073 0.663426 0.041146 0.073148
2 0.307292 0.238889 0.018750 0.024074
2 0.334115 0.323611 0.013021 0.028704
2 0.470833 0.286111 0.015625 0.027778
2 0.515885 0.248148 0.017188 0.025926
2 0.559896 0.412037 0.013542 0.025926
2 0.629167 0.496296 0.015625 0.027778
2 0.560677 0.393056 0.015104 0.026852
2 0.380469 0.536574 0.017188 0.023148
2 0.393750 0.405556 0.015625 0.025926
2 0.446875 0.550926 0.015625 0.020370
2 0.462240 0.569907 0.016146 0.028704
2 0.346615 0.556481 0.019271 0.020370
2 0.366146 0.595833 0.014583 0.025000
2 0.392708 0.593981 0.012500 0.026852
2 0.392448 0.640278 0.013021 0.028704
2 0.378125 0.662963 0.012500 0.025926
2 0.434896 0.639815 0.013542 0.027778
2 0.454688 0.638426 0.016667 0.026852
2 0.449479 0.658333 0.014583 0.025926
2 0.421094 0.673611 0.013021 0.025000
2 0.435156 0.680093 0.017188 0.023148
2 0.511979 0.726389 0.015625 0.028704
2 0.588021 0.568056 0.017708 0.021296
2 0.597396 0.665278 0.015625 0.021296
2 0.377865 0.606481 0.011979 0.027778
2 0.388802 0.696759 0.015104 0.021296
2 0.394010 0.711111 0.016146 0.022222
2 0.439844 0.742593 0.017188 0.018519
2 0.472396 0.775926 0.019792 0.022222
2 0.379167 0.810185 0.015625 0.029630
2 0.404167 0.748148 0.013542 0.029630
2 0.419792 0.749537 0.008333 0.026852
2 0.425000 0.770833 0.017708 0.021296
2 0.429688 0.753704 0.013542 0.018519
2 0.411458 0.758796 0.011458 0.026852
