0 0.454688 0.265741 0.016667 0.031481
0 0.517969 0.406019 0.014063 0.025000
0 0.516927 0.467593 0.015104 0.025926
0 0.570573 0.613889 0.018229 0.022222
0 0.468229 0.513426 0.015625 0.028704
0 0.396354 0.533333 0.012500 0.025926
0 0.451823 0.628704 0.015104 0.027778
1 0.393229 0.471759 0.050000 0.087963
1 0.544010 0.548148 0.048438 0.087037
1 0.421354 0.706481 0.048958 0.079630
2 0.471094 0.422222 0.013021 0.025926
2 0.467448 0.459722 0.011979 0.023148
2 0.549740 0.492130 0.014063 0.026852
2 0.435937 0.595370 0.016667 0.025926
2 0.407552 0.538426 0.009896 0.026852
