1 0.279427 0.294907 0.042188 0.071296
1 0.321875 0.351852 0.053125 0.074074
1 0.523438 0.151852 0.051042 0.083333
1 0.552865 0.313426 0.049479 0.080556
1 0.697135 0.656481 0.046354 0.087037
1 0.271094 0.626389 0.045312 0.084259
1 0.447135 0.637963 0.047396 0.077778
1 0.523958 0.630556 0.050000 0.092593
1 0.389583 0.798148 0.046875 0.074074
1 0.392188 0.872222 0.047917 0.068519
2 0.530729 0.807870 0.013542 0.034259
2 0.560937 0.858796 0.016667 0.034259
2 0.599740 0.708333 0.013021 0.027778
2 0.623958 0.658796 0.015625 0.037963
2 0.965885 0.462963 0.019271 0.035185
2 0.768229 0.474537 0.017708 0.025000
2 0.649740 0.187963 0.020313 0.029630
2 0.442969 0.192130 0.017188 0.025000
2 0.525521 0.304167 0.015625 0.023148
2 0.575260 0.348611 0.014063 0.026852
2 0.589844 0.337500 0.016146 0.023148
2 0.603646 0.311574 0.018750 0.026852
2 0.567187 0.274537 0.018750 0.026852
2 0.543750 0.208796 0.013542 0.036111
2 0.399219 0.257870 0.016146 0.030556
2 0.405729 0.323148 0.020833 0.022222
2 0.389583 0.264352 0.015625 0.026852
2 0.377604 0.283333 0.018750 0.020370
2 0.299219 0.387963 0.018229 0.031481
2 0.379427 0.482407 0.023438 0.027778
2 0.411198 0.496759 0.018229 0.019444
2 0.430729 0.507870 0.019792 0.032407
2 0.480729 0.418519 0.016667 0.024074
2 0.581771 0.455093 0.016667 0.026852
2 0.617708 0.410185 0.017708 0.029630
2 0.612760 0.509259 0.016146 0.029630
2 0.435417 0.338889 0.013542 0.029630
2 0.443490 0.338889 0.018229 0.027778
2 0.582292 0.579630 0.011458 0.038889
2 0.607031 0.579167 0.022396 0.028704
2 0.381250 0.686111 0.016667 0.029630
2 0.342969 0.527315 0.015104 0.019444
2 0.545312 0.600000 0.016667 0.022222
0 0.660156 0.450000 0.016146 0.035185
0 0.641927 0.622222 0.019271 0.027778
0 0.673958 0.572222 0.020833 0.029630
0 0.647396 0.709722 0.016667 0.028704
0 0.579948 0.692593 0.018229 0.025926
0 0.555990 0.666667 0.016146 0.035185
0 0.609375 0.724537 0.019792 0.030556
0 0.573958 0.819907 0.016667 0.030556
0 0.523438 0.513426 0.016667 0.026852
0 0.495052 0.637963 0.014063 0.031481
0 0.438542 0.625463 0.014583 0.021296
0 0.416146 0.425000 0.018750 0.027778
0 0.398438 0.450463 0.016667 0.032407
0 0.378646 0.537963 0.016667 0.027778
0 0.479167 0.212963 0.016667 0.029630
0 0.577344 0.185648 0.016146 0.034259
0 0.355208 0.523611 0.014583 0.025000
