0 0.465885 0.280093 0.017188 0.030556
0 0.539323 0.335648 0.017188 0.030556
0 0.619010 0.305556 0.021354 0.035185
0 0.531771 0.608796 0.017708 0.025000
0 0.583333 0.690278 0.014583 0.025000
0 0.579167 0.778241 0.016667 0.028704
0 0.520312 0.703241 0.015625 0.026852
2 0.566927 0.373611 0.018229 0.023148
2 0.572396 0.434259 0.017708 0.031481
2 0.562240 0.574074 0.017188 0.025926
2 0.582292 0.641204 0.014583 0.030556
2 0.606510 0.706481 0.017188 0.029630
2 0.513281 0.409722 0.014063 0.030556
2 0.557552 0.489352 0.017188 0.030556
2 0.409115 0.456481 0.017188 0.029630
2 0.430469 0.472685 0.018229 0.026852
2 0.447917 0.515278 0.017708 0.026852
2 0.414583 0.531944 0.018750 0.026852
