0 0.371875 0.184259 0.017708 0.027778
0 0.362240 0.339815 0.014063 0.027778
0 0.439323 0.300000 0.015104 0.024074
0 0.488021 0.347222 0.019792 0.029630
0 0.373177 0.384259 0.018229 0.029630
0 0.399479 0.421759 0.014583 0.028704
0 0.220052 0.649074 0.020313 0.027778
0 0.448177 0.619907 0.017188 0.026852
0 0.558073 0.572685 0.016146 0.025000
0 0.541667 0.503241 0.014583 0.030556
0 0.386458 0.485185 0.015625 0.022222
2 0.630208 0.615741 0.017708 0.035185
2 0.528646 0.283333 0.014583 0.029630
2 0.396875 0.278241 0.011458 0.030556
2 0.443229 0.426389 0.010417 0.025000
2 0.453125 0.427778 0.013542 0.022222
2 0.452083 0.482870 0.014583 0.028704
2 0.449479 0.454630 0.014583 0.020370
2 0.387240 0.411574 0.010937 0.028704
2 0.401042 0.492130 0.013542 0.028704
2 0.382031 0.502778 0.013021 0.025926
2 0.326302 0.516667 0.015104 0.024074
2 0.324740 0.548611 0.018229 0.023148
2 0.300260 0.631944 0.016146 0.025000
2 0.361979 0.632407 0.017708 0.029630
2 0.398698 0.587963 0.022396 0.016667
2 0.445312 0.585648 0.016667 0.023148
2 0.463542 0.570370 0.014583 0.027778
2 0.486979 0.619907 0.012500 0.026852
1 0.238021 0.258333 0.047917 0.083333
1 0.257552 0.497685 0.053646 0.078704
1 0.269271 0.570370 0.046875 0.081481
1 0.366146 0.752778 0.047917 0.081481
1 0.484115 0.687037 0.048438 0.083333
1 0.422656 0.356944 0.044271 0.073148
1 0.492188 0.429630 0.051042 0.077778
1 0.425000 0.537500 0.046875 0.076852
2 0.542969 0.484722 0.015104 0.025000
