0 0.341406 0.184259 0.018229 0.027778
0 0.477083 0.294444 0.015625 0.029630
0 0.616667 0.362037 0.017708 0.027778
0 0.683073 0.375000 0.018229 0.029630
0 0.808333 0.348611 0.015625 0.026852
0 0.738021 0.512500 0.016667 0.023148
0 0.748177 0.543981 0.016146 0.023148
0 0.568750 0.540278 0.016667 0.025000
0 0.479687 0.487037 0.013542 0.027778
0 0.416146 0.450463 0.012500 0.026852
0 0.364844 0.332407 0.019271 0.031481
0 0.397656 0.372222 0.016146 0.027778
0 0.285677 0.410185 0.020313 0.020370
0 0.255729 0.418056 0.020833 0.026852
0 0.228125 0.462037 0.019792 0.024074
0 0.250260 0.501389 0.019271 0.028704
0 0.327344 0.511574 0.020313 0.025000
0 0.346875 0.637963 0.015625 0.031481
0 0.560677 0.637963 0.018229 0.024074
0 0.523177 0.691667 0.018229 0.022222
2 0.147396 0.043519 0.020833 0.022222
2 0.308333 0.144907 0.014583 0.026852
2 0.423958 0.269907 0.015625 0.032407
2 0.450260 0.361574 0.017188 0.021296
2 0.482552 0.368981 0.016146 0.023148
2 0.544010 0.299537 0.011979 0.030556
2 0.551302 0.253704 0.015104 0.022222
2 0.539062 0.262963 0.012500 0.027778
2 0.700781 0.234259 0.014063 0.025926
2 0.317448 0.342130 0.017188 0.023148
2 0.317969 0.442593 0.018229 0.031481
2 0.336198 0.385185 0.018229 0.025926
2 0.332813 0.351852 0.013542 0.027778
2 0.278646 0.572222 0.017708 0.029630
2 0.302604 0.631944 0.017708 0.032407
2 0.399479 0.672685 0.016667 0.028704
2 0.457552 0.584722 0.010937 0.026852
2 0.456250 0.604630 0.018750 0.024074
2 0.446875 0.758796 0.019792 0.023148
2 0.508854 0.741204 0.015625 0.028704
2 0.595313 0.846759 0.016667 0.032407
2 0.504948 0.448611 0.013021 0.028704
2 0.518750 0.525463 0.017708 0.025000
2 0.583854 0.505093 0.013542 0.028704
2 0.666146 0.539815 0.018750 0.020370
1 0.317448 0.186574 0.045312 0.078704
1 0.375260 0.459722 0.048438 0.084259
1 0.496875 0.405556 0.043750 0.075926
1 0.723177 0.168056 0.046354 0.082407
1 0.767708 0.328241 0.050000 0.078704
1 0.846094 0.342130 0.050521 0.082407
1 0.788802 0.499537 0.039062 0.073148
1 0.706771 0.774537 0.045833 0.084259
1 0.455729 0.812500 0.045833 0.078704
1 0.377865 0.802315 0.043229 0.078704
1 0.640104 0.554630 0.046875 0.079630
