1 0.374219 0.384259 0.046354 0.074074
1 0.278125 0.478704 0.039583 0.070370
1 0.328125 0.493056 0.045833 0.078704
1 0.473698 0.443519 0.040104 0.074074
1 0.574479 0.368981 0.045833 0.080556
1 0.552604 0.535185 0.041667 0.068519
2 0.412500 0.204167 0.019792 0.021296
2 0.360417 0.233333 0.019792 0.018519
2 0.423177 0.230093 0.017188 0.023148
2 0.466146 0.299537 0.017708 0.021296
2 0.479687 0.317593 0.018750 0.024074
2 0.487240 0.289352 0.014063 0.023148
2 0.535156 0.384722 0.019271 0.028704
2 0.481510 0.394444 0.014063 0.025926
2 0.585417 0.471759 0.017708 0.028704
2 0.396354 0.551852 0.013542 0.025926
2 0.454427 0.571296 0.014063 0.031481
2 0.464583 0.488426 0.014583 0.032407
2 0.437500 0.697222 0.017708 0.025926
2 0.433854 0.789815 0.015625 0.033333
0 0.859635 0.561574 0.018229 0.019444
0 0.584115 0.500463 0.018229 0.026852
0 0.449740 0.402778 0.015104 0.025926
