2 0.569792 0.268056 0.013542 0.028704
2 0.533594 0.356481 0.019271 0.020370
2 0.535417 0.379167 0.019792 0.026852
2 0.472656 0.356944 0.020313 0.025000
2 0.452083 0.352778 0.014583 0.027778
2 0.425781 0.397685 0.016146 0.028704
2 0.403646 0.428241 0.017708 0.025000
2 0.348177 0.480093 0.013021 0.034259
2 0.509375 0.481019 0.019792 0.036111
2 0.591667 0.529167 0.022917 0.023148
2 0.597135 0.546759 0.020313 0.019444
2 0.582031 0.618056 0.019271 0.023148
2 0.630729 0.744444 0.018750 0.024074
2 0.529687 0.963426 0.016667 0.030556
2 0.433333 0.859722 0.015625 0.030556
2 0.353906 0.801852 0.017188 0.025926
0 0.653646 0.722222 0.019792 0.025926
0 0.609115 0.871759 0.019271 0.037963
0 0.480990 0.950000 0.013021 0.035185
0 0.292448 0.501389 0.020313 0.028704
0 0.307552 0.692593 0.019271 0.025926
1 0.428646 0.629167 0.045833 0.078704
1 0.526042 0.600463 0.044792 0.078704
